(-0.000427121,0)            (0,0)            (0,0)   (0.0210561,-0)           (-0,0)            (0,0)   (0.0148889,-0)           (-0,0)
          (0,-0) (-0.000427121,0)            (0,0)            (0,0)   (0.0210561,-0)           (-0,0)           (-0,0)   (-0.0148889,0)
          (0,-0)           (0,-0)     (0.149198,0)           (0,-0)          (-0,-0)            (0,0)           (0,-0)           (-0,0)
   (0.0210561,0)           (0,-0)            (0,0)     (0.154716,0)            (0,0)          (-0,-0)  (0.00390207,-0)            (0,0)
         (-0,-0)    (0.0210561,0)           (-0,0)           (0,-0)     (0.154716,0)           (-0,0)           (-0,0)  (-0.00390207,0)
          (0,-0)          (-0,-0)           (0,-0)           (-0,0)          (-0,-0)     (0.149198,0)            (0,0)            (0,0)
   (0.0148889,0)          (-0,-0)            (0,0)   (0.00390207,0)          (-0,-0)           (0,-0)    (0.0973828,0)            (0,0)
         (-0,-0)  (-0.0148889,-0)          (-0,-0)           (0,-0) (-0.00390207,-0)           (0,-0)           (0,-0)    (0.0973828,0)
-0.141912
-0.141912
  2.68818
  2.68818
  4.05978
  4.05978
   4.3019
   4.3019